"Gemeente";"Inwoners";"Van";"Tot";"Meldingen";"Meldingen per 100.000";"Zkh opname";"Zkh opname per 100.000";"Overleden";"Overleden per 100.000"
"'s-Gravenhage";553417;"16-11-2022";"29-11-2022";306;55,3;21;3,8;1;0,2
"'s-Hertogenbosch";156538;"16-11-2022";"29-11-2022";86;54,9;7;4,5;1;0,6
"Aa en Hunze";25579;"16-11-2022";"29-11-2022";8;31,3;0;0;0;0
"Aalsmeer";32452;"16-11-2022";"29-11-2022";23;70,9;1;3,1;0;0
"Aalten";27100;"16-11-2022";"29-11-2022";11;40,6;2;7,4;0;0
"Achtkarspelen";27954;"16-11-2022";"29-11-2022";12;42,9;1;3,6;0;0
"Alblasserdam";20087;"16-11-2022";"29-11-2022";8;39,8;1;5;0;0
"Albrandswaard";25934;"16-11-2022";"29-11-2022";17;65,6;0;0;0;0
"Alkmaar";110783;"16-11-2022";"29-11-2022";60;54,2;9;8,1;0;0
"Almelo";73155;"16-11-2022";"29-11-2022";23;31,4;1;1,4;0;0
"Almere";217828;"16-11-2022";"29-11-2022";101;46,4;3;1,4;1;0,5
"Alphen aan den Rijn";112926;"16-11-2022";"29-11-2022";58;51,4;8;7,1;0;0
"Alphen-Chaam";10425;"16-11-2022";"29-11-2022";8;76,7;2;19,2;0;0
"Altena";57009;"16-11-2022";"29-11-2022";8;14;4;7;0;0
"Ameland";3757;"16-11-2022";"29-11-2022";0;0;0;0;0;0
"Amersfoort";158590;"16-11-2022";"29-11-2022";137;86,4;12;7,6;0;0
"Amstelveen";92331;"16-11-2022";"29-11-2022";70;75,8;0;0;0;0
"Amsterdam";903399;"16-11-2022";"29-11-2022";539;59,7;10;1,1;0;0
"Apeldoorn";165611;"16-11-2022";"29-11-2022";136;82,1;9;5,4;1;0,6
"Arnhem";163888;"16-11-2022";"29-11-2022";120;73,2;2;1,2;0;0
"Assen";68979;"16-11-2022";"29-11-2022";24;34,8;0;0;0;0
"Asten";17068;"16-11-2022";"29-11-2022";1;5,9;0;0;0;0
"Baarle-Nassau";6931;"16-11-2022";"29-11-2022";3;43,3;1;14,4;0;0
"Baarn";24876;"16-11-2022";"29-11-2022";7;28,1;1;4;0;0
"Barendrecht";48714;"16-11-2022";"29-11-2022";21;43,1;2;4,1;0;0
"Barneveld";60584;"16-11-2022";"29-11-2022";26;42,9;3;5;0;0
"Beek";15817;"16-11-2022";"29-11-2022";17;107,5;0;0;0;0
"Beekdaelen";35922;"16-11-2022";"29-11-2022";19;52,9;0;0;0;0
"Beesel";13408;"16-11-2022";"29-11-2022";8;59,7;0;0;0;0
"Berg en Dal";34951;"16-11-2022";"29-11-2022";21;60,1;1;2,9;1;2,9
"Bergeijk";18879;"16-11-2022";"29-11-2022";8;42,4;0;0;0;0
"Bergen (L.)";13106;"16-11-2022";"29-11-2022";13;99,2;1;7,6;0;0
"Bergen (NH.)";29723;"16-11-2022";"29-11-2022";18;60,6;2;6,7;0;0
"Bergen op Zoom";67894;"16-11-2022";"29-11-2022";23;33,9;1;1,5;0;0
"Berkelland";43850;"16-11-2022";"29-11-2022";22;50,2;1;2,3;0;0
"Bernheze";31715;"16-11-2022";"29-11-2022";19;59,9;2;6,3;1;3,2
"Best";30608;"16-11-2022";"29-11-2022";9;29,4;0;0;0;0
"Beuningen";26235;"16-11-2022";"29-11-2022";13;49,6;1;3,8;0;0
"Beverwijk";42084;"16-11-2022";"29-11-2022";29;68,9;0;0;0;0
"Bladel";20718;"16-11-2022";"29-11-2022";4;19,3;0;0;0;0
"Blaricum";12359;"16-11-2022";"29-11-2022";11;89;0;0;0;0
"Bloemendaal";23732;"16-11-2022";"29-11-2022";11;46,4;1;4,2;0;0
"Bodegraven-Reeuwijk";35752;"16-11-2022";"29-11-2022";12;33,6;3;8,4;0;0
"Boekel";11030;"16-11-2022";"29-11-2022";2;18,1;0;0;0;0
"Borger-Odoorn";25681;"16-11-2022";"29-11-2022";7;27,3;0;0;0;0
"Borne";24007;"16-11-2022";"29-11-2022";10;41,7;0;0;0;0
"Borsele";22847;"16-11-2022";"29-11-2022";9;39,4;0;0;0;0
"Boxtel";33129;"16-11-2022";"29-11-2022";11;33,2;1;3;0;0
"Breda";184702;"16-11-2022";"29-11-2022";126;68,2;9;4,9;0;0
"Brielle";17704;"16-11-2022";"29-11-2022";9;50,8;0;0;1;5,6
"Bronckhorst";36077;"16-11-2022";"29-11-2022";13;36;0;0;0;0
"Brummen";20890;"16-11-2022";"29-11-2022";5;23,9;0;0;0;0
"Brunssum";27674;"16-11-2022";"29-11-2022";16;57,8;0;0;0;0
"Bunnik";15590;"16-11-2022";"29-11-2022";7;44,9;0;0;0;0
"Bunschoten";22325;"16-11-2022";"29-11-2022";10;44,8;0;0;0;0
"Buren";27155;"16-11-2022";"29-11-2022";7;25,8;1;3,7;0;0
"Capelle aan den IJssel";67188;"16-11-2022";"29-11-2022";45;67;1;1,5;0;0
"Castricum";36263;"16-11-2022";"29-11-2022";18;49,6;1;2,8;0;0
"Coevorden";35517;"16-11-2022";"29-11-2022";16;45;1;2,8;0;0
"Cranendonck";20669;"16-11-2022";"29-11-2022";9;43,5;0;0;0;0
"Culemborg";29397;"16-11-2022";"29-11-2022";17;57,8;3;10,2;0;0
"Dalfsen";29162;"16-11-2022";"29-11-2022";14;48;0;0;0;0
"Dantumadiel";18957;"16-11-2022";"29-11-2022";12;63,3;0;0;0;0
"De Bilt";43508;"16-11-2022";"29-11-2022";21;48,3;3;6,9;0;0
"De Fryske Marren";51597;"16-11-2022";"29-11-2022";27;52,3;1;1,9;0;0
"De Ronde Venen";44955;"16-11-2022";"29-11-2022";25;55,6;2;4,4;0;0
"De Wolden";24511;"16-11-2022";"29-11-2022";11;44,9;0;0;0;0
"Delft";104572;"16-11-2022";"29-11-2022";51;48,8;6;5,7;0;0
"Den Helder";56334;"16-11-2022";"29-11-2022";43;76,3;8;14,2;0;0
"Deurne";32606;"16-11-2022";"29-11-2022";14;42,9;3;9,2;0;0
"Deventer";101446;"16-11-2022";"29-11-2022";38;37,5;4;3,9;0;0
"Diemen";31822;"16-11-2022";"29-11-2022";35;110;1;3,1;0;0
"Dijk en Waard";87695;"16-11-2022";"29-11-2022";34;38,8;1;1,1;0;0
"Dinkelland";26594;"16-11-2022";"29-11-2022";14;52,6;1;3,8;0;0
"Doesburg";11036;"16-11-2022";"29-11-2022";3;27,2;0;0;0;0
"Doetinchem";58546;"16-11-2022";"29-11-2022";25;42,7;1;1,7;0;0
"Dongen";26483;"16-11-2022";"29-11-2022";10;37,8;2;7,6;0;0
"Dordrecht";119537;"16-11-2022";"29-11-2022";57;47,7;3;2,5;0;0
"Drechterland";19983;"16-11-2022";"29-11-2022";10;50;1;5;0;0
"Drimmelen";27476;"16-11-2022";"29-11-2022";20;72,8;2;7,3;0;0
"Dronten";42865;"16-11-2022";"29-11-2022";23;53,7;2;4,7;0;0
"Druten";19178;"16-11-2022";"29-11-2022";19;99,1;4;20,9;0;0
"Duiven";24946;"16-11-2022";"29-11-2022";18;72,2;0;0;0;0
"Echt-Susteren";31731;"16-11-2022";"29-11-2022";28;88,2;2;6,3;0;0
"Edam-Volendam";36471;"16-11-2022";"29-11-2022";12;32,9;1;2,7;0;0
"Ede";119986;"16-11-2022";"29-11-2022";65;54,2;1;0,8;0;0
"Eemnes";9450;"16-11-2022";"29-11-2022";5;52,9;0;0;0;0
"Eemsdelta";45389;"16-11-2022";"29-11-2022";14;30,8;0;0;0;0
"Eersel";19823;"16-11-2022";"29-11-2022";8;40,4;0;0;0;0
"Eijsden-Margraten";25857;"16-11-2022";"29-11-2022";28;108,3;0;0;0;0
"Eindhoven";238326;"16-11-2022";"29-11-2022";120;50,4;11;4,6;0;0
"Elburg";23740;"16-11-2022";"29-11-2022";10;42,1;2;8,4;0;0
"Emmen";107856;"16-11-2022";"29-11-2022";35;32,5;2;1,9;0;0
"Enkhuizen";18620;"16-11-2022";"29-11-2022";5;26,9;0;0;0;0
"Enschede";160640;"16-11-2022";"29-11-2022";59;36,7;2;1,2;0;0
"Epe";33257;"16-11-2022";"29-11-2022";12;36,1;1;3;0;0
"Ermelo";27258;"16-11-2022";"29-11-2022";13;47,7;1;3,7;0;0
"Etten-Leur";44152;"16-11-2022";"29-11-2022";18;40,8;1;2,3;0;0
"Geertruidenberg";21944;"16-11-2022";"29-11-2022";8;36,5;1;4,6;0;0
"Geldrop-Mierlo";40131;"16-11-2022";"29-11-2022";15;37,4;1;2,5;0;0
"Gemert-Bakel";31040;"16-11-2022";"29-11-2022";8;25,8;4;12,9;0;0
"Gennep";17237;"16-11-2022";"29-11-2022";4;23,2;0;0;0;0
"Gilze en Rijen";26557;"16-11-2022";"29-11-2022";7;26,4;0;0;0;0
"Goeree-Overflakkee";51051;"16-11-2022";"29-11-2022";32;62,7;3;5,9;0;0
"Goes";38950;"16-11-2022";"29-11-2022";41;105,3;3;7,7;0;0
"Goirle";23979;"16-11-2022";"29-11-2022";11;45,9;3;12,5;0;0
"Gooise Meren";58846;"16-11-2022";"29-11-2022";38;64,6;0;0;0;0
"Gorinchem";37632;"16-11-2022";"29-11-2022";13;34,5;2;5,3;0;0
"Gouda";74095;"16-11-2022";"29-11-2022";58;78,3;4;5,4;0;0
"Groningen";234950;"16-11-2022";"29-11-2022";95;40,4;1;0,4;0;0
"Gulpen-Wittem";14178;"16-11-2022";"29-11-2022";8;56,4;0;0;0;0
"Haaksbergen";24268;"16-11-2022";"29-11-2022";5;20,6;0;0;0;0
"Haarlem";162898;"16-11-2022";"29-11-2022";75;46;2;1,2;0;0
"Haarlemmermeer";159336;"16-11-2022";"29-11-2022";68;42,7;3;1,9;0;0
"Halderberge";30770;"16-11-2022";"29-11-2022";10;32,5;1;3,2;0;0
"Hardenberg";61798;"16-11-2022";"29-11-2022";34;55;7;11,3;0;0
"Harderwijk";48857;"16-11-2022";"29-11-2022";23;47,1;0;0;0;0
"Hardinxveld-Giessendam";18511;"16-11-2022";"29-11-2022";4;21,6;0;0;0;0
"Harlingen";15904;"16-11-2022";"29-11-2022";3;18,9;0;0;0;0
"Hattem";12307;"16-11-2022";"29-11-2022";3;24,4;1;8,1;0;0
"Heemskerk";39189;"16-11-2022";"29-11-2022";14;35,7;1;2,6;0;0
"Heemstede";27557;"16-11-2022";"29-11-2022";17;61,7;0;0;0;0
"Heerde";18976;"16-11-2022";"29-11-2022";5;26,3;0;0;0;0
"Heerenveen";51119;"16-11-2022";"29-11-2022";28;54,8;2;3,9;0;0
"Heerlen";86845;"16-11-2022";"29-11-2022";88;101,3;2;2,3;0;0
"Heeze-Leende";16470;"16-11-2022";"29-11-2022";2;12,1;0;0;0;0
"Heiloo";24417;"16-11-2022";"29-11-2022";15;61,4;3;12,3;0;0
"Hellendoorn";35940;"16-11-2022";"29-11-2022";9;25;0;0;0;0
"Hellevoetsluis";40574;"16-11-2022";"29-11-2022";22;54,2;4;9,9;1;2,5
"Helmond";93476;"16-11-2022";"29-11-2022";38;40,7;7;7,5;0;0
"Hendrik-Ido-Ambacht";31663;"16-11-2022";"29-11-2022";4;12,6;1;3,2;0;0
"Hengelo";81476;"16-11-2022";"29-11-2022";44;54;2;2,5;0;0
"Het Hogeland";48022;"16-11-2022";"29-11-2022";31;64,6;3;6,2;0;0
"Heumen";17175;"16-11-2022";"29-11-2022";15;87,3;1;5,8;0;0
"Heusden";45557;"16-11-2022";"29-11-2022";24;52,7;1;2,2;0;0
"Hillegom";22312;"16-11-2022";"29-11-2022";14;62,7;1;4,5;0;0
"Hilvarenbeek";15810;"16-11-2022";"29-11-2022";20;126,5;0;0;0;0
"Hilversum";91733;"16-11-2022";"29-11-2022";53;57,8;0;0;0;0
"Hoeksche Waard";88715;"16-11-2022";"29-11-2022";39;44;2;2,3;0;0
"Hof van Twente";35056;"16-11-2022";"29-11-2022";5;14,3;1;2,9;0;0
"Hollands Kroon";48778;"16-11-2022";"29-11-2022";17;34,9;3;6,2;0;0
"Hoogeveen";55857;"16-11-2022";"29-11-2022";20;35,8;2;3,6;0;0
"Hoorn";74298;"16-11-2022";"29-11-2022";35;47,1;4;5,4;0;0
"Horst aan de Maas";43039;"16-11-2022";"29-11-2022";31;72;0;0;0;0
"Houten";50323;"16-11-2022";"29-11-2022";23;45,7;1;2;0;0
"Huizen";40938;"16-11-2022";"29-11-2022";26;63,5;0;0;0;0
"Hulst";27533;"16-11-2022";"29-11-2022";12;43,6;0;0;0;0
"IJsselstein";33429;"16-11-2022";"29-11-2022";16;47,9;1;3;0;0
"Kaag en Braassem";27895;"16-11-2022";"29-11-2022";7;25,1;0;0;0;0
"Kampen";54791;"16-11-2022";"29-11-2022";11;20,1;2;3,7;0;0
"Kapelle";13020;"16-11-2022";"29-11-2022";5;38,4;0;0;0;0
"Katwijk";66032;"16-11-2022";"29-11-2022";36;54,5;4;6,1;0;0
"Kerkrade";45324;"16-11-2022";"29-11-2022";35;77,2;1;2,2;0;0
"Koggenland";23048;"16-11-2022";"29-11-2022";7;30,4;0;0;0;0
"Krimpen aan den IJssel";29415;"16-11-2022";"29-11-2022";12;40,8;0;0;0;0
"Krimpenerwaard";57062;"16-11-2022";"29-11-2022";12;21;0;0;0;0
"Laarbeek";22943;"16-11-2022";"29-11-2022";13;56,7;2;8,7;0;0
"Land van Cuijk";90707;"16-11-2022";"29-11-2022";44;48,5;4;4,4;0;0
"Landgraaf";37023;"16-11-2022";"29-11-2022";29;78,3;3;8,1;0;0
"Landsmeer";11560;"16-11-2022";"29-11-2022";6;51,9;0;0;0;0
"Lansingerland";64110;"16-11-2022";"29-11-2022";41;64;1;1,6;0;0
"Laren";11528;"16-11-2022";"29-11-2022";6;52;1;8,7;0;0
"Leeuwarden";125504;"16-11-2022";"29-11-2022";79;62,9;2;1,6;0;0
"Leiden";125074;"16-11-2022";"29-11-2022";86;68,8;6;4,8;0;0
"Leiderdorp";27464;"16-11-2022";"29-11-2022";12;43,7;2;7,3;0;0
"Leidschendam-Voorburg";76659;"16-11-2022";"29-11-2022";47;61,3;2;2,6;0;0
"Lelystad";81214;"16-11-2022";"29-11-2022";68;83,7;4;4,9;0;0
"Leudal";35928;"16-11-2022";"29-11-2022";14;39;0;0;0;0
"Leusden";30713;"16-11-2022";"29-11-2022";22;71,6;0;0;0;0
"Lingewaard";46963;"16-11-2022";"29-11-2022";26;55,4;3;6,4;1;2,1
"Lisse";23015;"16-11-2022";"29-11-2022";4;17,4;0;0;0;0
"Lochem";34069;"16-11-2022";"29-11-2022";14;41,1;6;17,6;0;0
"Loon op Zand";23768;"16-11-2022";"29-11-2022";14;58,9;0;0;0;0
"Lopik";14512;"16-11-2022";"29-11-2022";4;27,6;0;0;0;0
"Losser";23084;"16-11-2022";"29-11-2022";6;26;1;4,3;0;0
"Maasdriel";25504;"16-11-2022";"29-11-2022";10;39,2;2;7,8;0;0
"Maasgouw";24028;"16-11-2022";"29-11-2022";12;49,9;0;0;0;0
"Maashorst";58362;"16-11-2022";"29-11-2022";18;30,8;4;6,9;0;0
"Maassluis";34148;"16-11-2022";"29-11-2022";11;32,2;2;5,9;0;0
"Maastricht";121151;"16-11-2022";"29-11-2022";100;82,5;0;0;0;0
"Medemblik";45464;"16-11-2022";"29-11-2022";19;41,8;1;2,2;0;0
"Meerssen";18581;"16-11-2022";"29-11-2022";13;70;0;0;0;0
"Meierijstad";82613;"16-11-2022";"29-11-2022";33;39,9;4;4,8;0;0
"Meppel";34761;"16-11-2022";"29-11-2022";17;48,9;0;0;0;0
"Middelburg";49199;"16-11-2022";"29-11-2022";40;81,3;1;2;0;0
"Midden-Delfland";19484;"16-11-2022";"29-11-2022";19;97,5;0;0;0;0
"Midden-Drenthe";33689;"16-11-2022";"29-11-2022";5;14,8;0;0;0;0
"Midden-Groningen";60898;"16-11-2022";"29-11-2022";33;54,2;2;3,3;0;0
"Moerdijk";37313;"16-11-2022";"29-11-2022";18;48,2;3;8;0;0
"Molenlanden";44644;"16-11-2022";"29-11-2022";9;20,2;0;0;0;0
"Montferland";36359;"16-11-2022";"29-11-2022";17;46,8;1;2,8;0;0
"Montfoort";13818;"16-11-2022";"29-11-2022";5;36,2;0;0;0;0
"Mook en Middelaar";7989;"16-11-2022";"29-11-2022";7;87,6;1;12,5;0;0
"Neder-Betuwe";25032;"16-11-2022";"29-11-2022";9;36;1;4;0;0
"Nederweert";17323;"16-11-2022";"29-11-2022";7;40,4;0;0;0;0
"Nieuwegein";64554;"16-11-2022";"29-11-2022";32;49,6;1;1,5;0;0
"Nieuwkoop";29304;"16-11-2022";"29-11-2022";13;44,4;1;3,4;0;0
"Nijkerk";44311;"16-11-2022";"29-11-2022";23;51,9;0;0;0;0
"Nijmegen";179100;"16-11-2022";"29-11-2022";124;69,2;15;8,4;1;0,6
"Nissewaard";86332;"16-11-2022";"29-11-2022";60;69,5;2;2,3;0;0
"Noardeast-Fryslân";45593;"16-11-2022";"29-11-2022";18;39,5;1;2,2;0;0
"Noord-Beveland";7668;"16-11-2022";"29-11-2022";5;65,2;0;0;0;0
"Noordenveld";31238;"16-11-2022";"29-11-2022";8;25,6;1;3,2;0;0
"Noordoostpolder";48048;"16-11-2022";"29-11-2022";34;70,8;1;2,1;0;0
"Noordwijk";44365;"16-11-2022";"29-11-2022";16;36,1;1;2,3;0;0
"Nuenen, Gerwen en Nederwetten";23826;"16-11-2022";"29-11-2022";18;75,5;3;12,6;0;0
"Nunspeet";28223;"16-11-2022";"29-11-2022";8;28,3;1;3,5;0;0
"Oegstgeest";25499;"16-11-2022";"29-11-2022";13;51;0;0;0;0
"Oirschot";19061;"16-11-2022";"29-11-2022";7;36,7;1;5,2;0;0
"Oisterwijk";32503;"16-11-2022";"29-11-2022";20;61,5;1;3,1;0;0
"Oldambt";38521;"16-11-2022";"29-11-2022";13;33,7;0;0;0;0
"Oldebroek";23930;"16-11-2022";"29-11-2022";11;46;0;0;0;0
"Oldenzaal";31741;"16-11-2022";"29-11-2022";11;34,7;2;6,3;0;0
"Olst-Wijhe";18496;"16-11-2022";"29-11-2022";4;21,6;0;0;0;0
"Ommen";18457;"16-11-2022";"29-11-2022";6;32,5;0;0;0;0
"Oost Gelre";29603;"16-11-2022";"29-11-2022";10;33,8;1;3,4;0;0
"Oosterhout";56535;"16-11-2022";"29-11-2022";38;67,2;4;7,1;0;0
"Ooststellingwerf";25680;"16-11-2022";"29-11-2022";7;27,3;0;0;0;0
"Oostzaan";9639;"16-11-2022";"29-11-2022";5;51,9;1;10,4;0;0
"Opmeer";12074;"16-11-2022";"29-11-2022";5;41,4;0;0;0;0
"Opsterland";29791;"16-11-2022";"29-11-2022";11;36,9;2;6,7;0;0
"Oss";93307;"16-11-2022";"29-11-2022";40;42,9;4;4,3;0;0
"Oude IJsselstreek";39387;"16-11-2022";"29-11-2022";13;33;1;2,5;0;0
"Ouder-Amstel";14212;"16-11-2022";"29-11-2022";6;42,2;0;0;0;0
"Oudewater";10159;"16-11-2022";"29-11-2022";4;39,4;0;0;0;0
"Overbetuwe";48266;"16-11-2022";"29-11-2022";38;78,7;0;0;1;2,1
"Papendrecht";32208;"16-11-2022";"29-11-2022";12;37,3;1;3,1;0;0
"Peel en Maas";44278;"16-11-2022";"29-11-2022";13;29,4;1;2,3;0;0
"Pekela";12196;"16-11-2022";"29-11-2022";2;16,4;0;0;0;0
"Pijnacker-Nootdorp";56572;"16-11-2022";"29-11-2022";21;37,1;1;1,8;0;0
"Purmerend";92240;"16-11-2022";"29-11-2022";32;34,7;6;6,5;0;0
"Putten";24598;"16-11-2022";"29-11-2022";16;65;0;0;0;0
"Raalte";38140;"16-11-2022";"29-11-2022";7;18,4;0;0;0;0
"Reimerswaal";22920;"16-11-2022";"29-11-2022";7;30,5;0;0;0;0
"Renkum";31358;"16-11-2022";"29-11-2022";25;79,7;1;3,2;0;0
"Renswoude";5651;"16-11-2022";"29-11-2022";0;0;0;0;0;0
"Reusel-De Mierden";13271;"16-11-2022";"29-11-2022";6;45,2;2;15,1;0;0
"Rheden";43435;"16-11-2022";"29-11-2022";26;59,9;0;0;0;0
"Rhenen";20265;"16-11-2022";"29-11-2022";17;83,9;1;4,9;0;0
"Ridderkerk";47099;"16-11-2022";"29-11-2022";28;59,4;0;0;0;0
"Rijssen-Holten";38231;"16-11-2022";"29-11-2022";9;23,5;0;0;0;0
"Rijswijk";56941;"16-11-2022";"29-11-2022";29;50,9;2;3,5;0;0
"Roerdalen";20558;"16-11-2022";"29-11-2022";11;53,5;0;0;0;0
"Roermond";59184;"16-11-2022";"29-11-2022";45;76;0;0;0;0
"Roosendaal";77244;"16-11-2022";"29-11-2022";27;35;0;0;0;0
"Rotterdam";655468;"16-11-2022";"29-11-2022";384;58,6;24;3,7;0;0
"Rozendaal";1756;"16-11-2022";"29-11-2022";1;56,9;0;0;0;0
"Rucphen";23326;"16-11-2022";"29-11-2022";9;38,6;1;4,3;0;0
"Schagen";46833;"16-11-2022";"29-11-2022";18;38,4;1;2,1;0;0
"Scherpenzeel";10317;"16-11-2022";"29-11-2022";6;58,2;0;0;0;0
"Schiedam";79644;"16-11-2022";"29-11-2022";36;45,2;4;5;1;1,3
"Schiermonnikoog";944;"16-11-2022";"29-11-2022";0;0;0;0;0;0
"Schouwen-Duiveland";34152;"16-11-2022";"29-11-2022";19;55,6;1;2,9;0;0
"Simpelveld";10425;"16-11-2022";"29-11-2022";7;67,1;0;0;0;0
"Sint-Michielsgestel";29731;"16-11-2022";"29-11-2022";17;57,2;0;0;0;0
"Sittard-Geleen";91719;"16-11-2022";"29-11-2022";100;109;6;6,5;0;0
"Sliedrecht";25897;"16-11-2022";"29-11-2022";7;27;1;3,9;0;0
"Sluis";23141;"16-11-2022";"29-11-2022";19;82,1;1;4,3;0;0
"Smallingerland";55895;"16-11-2022";"29-11-2022";14;25;0;0;0;0
"Soest";47113;"16-11-2022";"29-11-2022";29;61,6;2;4,2;0;0
"Someren";19701;"16-11-2022";"29-11-2022";7;35,5;1;5,1;0;0
"Son en Breugel";17775;"16-11-2022";"29-11-2022";13;73,1;0;0;0;0
"Stadskanaal";31851;"16-11-2022";"29-11-2022";10;31,4;0;0;0;0
"Staphorst";17282;"16-11-2022";"29-11-2022";3;17,4;0;0;0;0
"Stede Broec";21947;"16-11-2022";"29-11-2022";9;41;0;0;0;0
"Steenbergen";24333;"16-11-2022";"29-11-2022";6;24,7;1;4,1;0;0
"Steenwijkerland";44741;"16-11-2022";"29-11-2022";21;46,9;0;0;0;0
"Stein";24803;"16-11-2022";"29-11-2022";15;60,5;1;4;0;0
"Stichtse Vecht";65240;"16-11-2022";"29-11-2022";25;38,3;2;3,1;0;0
"Súdwest-Fryslân";90300;"16-11-2022";"29-11-2022";48;53,2;3;3,3;0;0
"Terneuzen";54501;"16-11-2022";"29-11-2022";32;58,7;1;1,8;0;0
"Terschelling";4960;"16-11-2022";"29-11-2022";1;20,2;0;0;0;0
"Texel";13687;"16-11-2022";"29-11-2022";3;21,9;1;7,3;0;0
"Teylingen";37942;"16-11-2022";"29-11-2022";21;55,3;1;2,6;0;0
"Tholen";26401;"16-11-2022";"29-11-2022";11;41,7;4;15,2;0;0
"Tiel";42277;"16-11-2022";"29-11-2022";22;52;1;2,4;0;0
"Tilburg";224459;"16-11-2022";"29-11-2022";104;46,3;5;2,2;0;0
"Tubbergen";21364;"16-11-2022";"29-11-2022";6;28,1;1;4,7;0;0
"Twenterand";33718;"16-11-2022";"29-11-2022";6;17,8;1;3;0;0
"Tynaarlo";34221;"16-11-2022";"29-11-2022";9;26,3;0;0;0;0
"Tytsjerksteradiel";32282;"16-11-2022";"29-11-2022";17;52,7;0;0;0;0
"Uitgeest";13563;"16-11-2022";"29-11-2022";7;51,6;0;0;0;0
"Uithoorn";31018;"16-11-2022";"29-11-2022";18;58;0;0;0;0
"Urk";21468;"16-11-2022";"29-11-2022";7;32,6;0;0;0;0
"Utrecht";361699;"16-11-2022";"29-11-2022";229;63,3;8;2,2;0;0
"Utrechtse Heuvelrug";49981;"16-11-2022";"29-11-2022";20;40;4;8;1;2
"Vaals";10135;"16-11-2022";"29-11-2022";11;108,5;0;0;0;0
"Valkenburg aan de Geul";16167;"16-11-2022";"29-11-2022";16;99;0;0;0;0
"Valkenswaard";31236;"16-11-2022";"29-11-2022";13;41,6;1;3,2;0;0
"Veendam";27466;"16-11-2022";"29-11-2022";21;76,5;0;0;0;0
"Veenendaal";67671;"16-11-2022";"29-11-2022";33;48,8;1;1,5;0;0
"Veere";21850;"16-11-2022";"29-11-2022";17;77,8;1;4,6;0;0
"Veldhoven";45822;"16-11-2022";"29-11-2022";17;37,1;1;2,2;0;0
"Velsen";68482;"16-11-2022";"29-11-2022";21;30,7;0;0;0;0
"Venlo";102136;"16-11-2022";"29-11-2022";54;52,9;0;0;0;0
"Venray";43964;"16-11-2022";"29-11-2022";17;38,7;1;2,3;0;0
"Vijfheerenlanden";58788;"16-11-2022";"29-11-2022";15;25,5;1;1,7;0;0
"Vlaardingen";74143;"16-11-2022";"29-11-2022";34;45,9;4;5,4;0;0
"Vlieland";1195;"16-11-2022";"29-11-2022";0;0;0;0;0;0
"Vlissingen";44585;"16-11-2022";"29-11-2022";40;89,7;3;6,7;0;0
"Voerendaal";12426;"16-11-2022";"29-11-2022";13;104,6;0;0;0;0
"Voorschoten";25627;"16-11-2022";"29-11-2022";10;39;1;3,9;0;0
"Voorst";24994;"16-11-2022";"29-11-2022";9;36;0;0;0;0
"Vught";31783;"16-11-2022";"29-11-2022";15;47,2;1;3,1;0;0
"Waadhoeke";46309;"16-11-2022";"29-11-2022";30;64,8;0;0;0;0
"Waalre";17626;"16-11-2022";"29-11-2022";11;62,4;0;0;0;0
"Waalwijk";49342;"16-11-2022";"29-11-2022";29;58,8;1;2;0;0
"Waddinxveen";31342;"16-11-2022";"29-11-2022";17;54,2;0;0;0;0
"Wageningen";39939;"16-11-2022";"29-11-2022";23;57,6;2;5;0;0
"Wassenaar";27115;"16-11-2022";"29-11-2022";20;73,8;1;3,7;0;0
"Waterland";17343;"16-11-2022";"29-11-2022";11;63,4;1;5,8;0;0
"Weert";50346;"16-11-2022";"29-11-2022";42;83,4;0;0;0;0
"West Betuwe";51971;"16-11-2022";"29-11-2022";38;73,1;4;7,7;0;0
"West Maas en Waal";19675;"16-11-2022";"29-11-2022";9;45,7;0;0;0;0
"Westerkwartier";64306;"16-11-2022";"29-11-2022";15;23,3;0;0;0;0
"Westerveld";19854;"16-11-2022";"29-11-2022";4;20,1;2;10,1;0;0
"Westervoort";14944;"16-11-2022";"29-11-2022";8;53,5;0;0;0;0
"Westerwolde";26571;"16-11-2022";"29-11-2022";7;26,3;2;7,5;0;0
"Westland";112448;"16-11-2022";"29-11-2022";25;22,2;4;3,6;0;0
"Weststellingwerf";26278;"16-11-2022";"29-11-2022";14;53,3;2;7,6;0;0
"Westvoorne";14960;"16-11-2022";"29-11-2022";7;46,8;2;13,4;0;0
"Wierden";24643;"16-11-2022";"29-11-2022";4;16,2;0;0;0;0
"Wijchen";41344;"16-11-2022";"29-11-2022";24;58;2;4,8;0;0
"Wijdemeren";24494;"16-11-2022";"29-11-2022";14;57,2;0;0;0;0
"Wijk bij Duurstede";23921;"16-11-2022";"29-11-2022";10;41,8;0;0;0;0
"Winterswijk";29185;"16-11-2022";"29-11-2022";16;54,8;3;10,3;0;0
"Woensdrecht";22112;"16-11-2022";"29-11-2022";6;27,1;0;0;0;0
"Woerden";52882;"16-11-2022";"29-11-2022";27;51,1;5;9,5;0;0
"Wormerland";16381;"16-11-2022";"29-11-2022";9;54,9;0;0;0;0
"Woudenberg";13873;"16-11-2022";"29-11-2022";6;43,2;1;7,2;0;0
"Zaanstad";157166;"16-11-2022";"29-11-2022";91;57,9;6;3,8;0;0
"Zaltbommel";29957;"16-11-2022";"29-11-2022";9;30;2;6,7;0;0
"Zandvoort";17107;"16-11-2022";"29-11-2022";6;35,1;0;0;0;0
"Zeewolde";23348;"16-11-2022";"29-11-2022";17;72,8;2;8,6;0;0
"Zeist";65987;"16-11-2022";"29-11-2022";61;92,4;3;4,5;1;1,5
"Zevenaar";44645;"16-11-2022";"29-11-2022";18;40,3;0;0;0;0
"Zoetermeer";125767;"16-11-2022";"29-11-2022";63;50,1;9;7,2;0;0
"Zoeterwoude";9302;"16-11-2022";"29-11-2022";2;21,5;0;0;0;0
"Zuidplas";45794;"16-11-2022";"29-11-2022";40;87,3;2;4,4;0;0
"Zundert";22260;"16-11-2022";"29-11-2022";7;31,4;2;9;0;0
"Zutphen";48330;"16-11-2022";"29-11-2022";18;37,2;2;4,1;0;0
"Zwartewaterland";23012;"16-11-2022";"29-11-2022";28;121,7;2;8,7;0;0
"Zwijndrecht";44789;"16-11-2022";"29-11-2022";19;42,4;0;0;0;0
"Zwolle";130668;"16-11-2022";"29-11-2022";87;66,6;4;3,1;0;0